sub get_bad_vals {
my $bad_vals = [qw(523 0 0 0 0 0 0 0 0 0 0 0 0 0 0 2 0 0 0 0 0 0 0 0 0 0 0 0 0 0 0 0 0 0 0 0 0 0 0 0 0 0 0 0 0 0 0 0 0 0 0 0 0 0 0 0 0 0 0 0 0 0 0 0 0 0 0 0 0 0 0 0 0 0 0 0 0 0 0 0 0 0 0 0 0 0 0 0 0 0 0 0 0 0 0 0 0 0 0 0 0 0 0 0 0 0 0 0 0 0 0 0 0 0 0 0 0 0 0 0 1 0 0 0 0 0 0 1 0 0 0 0 0 0 0 0 0 0 0 0 0 0 0 0 1 0 0 0 0 0 0 0 0 0 0 0 0 0 0 0 0 0 0 0 0 0 0 0 0 0 0 0 0 0 0 0 0 0 0 0 0 0 0 0 0 0 0 0 0 0 0 0 0 0 0 0 0 0 0 0 0 0 0 0 0 0 0 1 0 0 0 0 1 0 0 1 0 0 0 0 0 0 0 0 0 0 0 0 0 0 0 0 0 0 0 0 0 0 0 0 0 0 0 0 0 0 0 0 0 0 0 0 0 0 0 0 0 0 0 0 0 0 0 0 0 0 0 0 0 0 0 0 0 0 0 0 0 0 0 0 0 0 0 0 0 0 0 0 0 0 0 0 0 0 0 0 0 0 0 0 0 0 0 0 0 0 0 0 0 0 0 0 0 0 0 0 0 0 0 0 0 0 0 0 0 0 0 0 0 0 0 0 0 0 0 0 0 0 0 0 0 0 0 0 0 0 0 0 0 0 0 0 0 0 0 0 0 0 0 0 0 0 0 0 0 0 0 0 0 0 0 0 0 0 0 0 0 0 0 0 0 0 0 0 0 0 0 0 0 0 0 0 0 0 0 0 0 0 0 0 0 0 0 0 0 0 0 0 0 0 0 0 0 0 0 0 0 0 0 0 0 0 0 0 0 0 0 0 0 0 0 0 0 0 0 0 0 0 0 0 0 0 0 0 0 0 0 0 0 0 0 0 0 0 0 0 0 0 0 0 0 0 0 0 0 0 0 0 0 0 0 0 0 0 0 0 0 0 0 0 0 0 0 0 0 0 0 0 0 0 0 0 0 0 0 0 0 0 0 0 0 0 0 0 0 0 0 0 0 0 0 0 0 0 0 0 0 0 0 0 0 0 0 0 0 0 0 0 0 0 0 0 0 0 0 0 0 0 0 0 0 0 0 0 0 0 0 0 0 0 0 0 0 0 0 0 0 0 0 0 0 0 0 0 0 0 0 0 0 0 0 0 0 0 0 0 0 0 0 0 0 0 0 0 0 0 0 0 0 0 0 0 0 0 0 0 0 0 0 0 0 0 0 0 0 0 0 0 0 0 0 0 0 0 0 0 0 0 0 0 0 0 0 0 0 0 0 0 0 0 0 0 0 0 0 0 0 0 0 0 0 0 0 0 0 0 0 0 0 0 0 0 0 0 0 0 0 0 0 0 0 0 0 0 0 0 0 0 0 0 0 0 0 0 0 0 0 0 0 0 0 0 0 0 0 0 0 0 0 0 0 0 0 0 0 0 0 0 0 0 0 0 0 0 0 0 0 0 0 0 0 0 0 0 0 0 0 0 0 0 0 0 0 0 0 0 0 0 0 0 0 0 0 0 0 0 0 0 0 0 0 0 0 0 0 0 0 0 0 0 0 0 0 0 0 0 0 0 0 0 0 0 0 0 0 0 0 0 0 0 0 0 0 0 0 0 0 0 0 0 0 0 0 0 0 0 0 0 0 0 0 0 0 0 0 0 0 0 0 0 0 0 0 0 0 0 0 0 0 0 0 0 0 0 0 0 0 0 0 0 0 0 0 0 0 0 0 0 0 0 0 0 0 0 0 0 0 0 0 0 0 0 0 0 0 0 0 0 0 0 0 0 0 0 0 0 0 0 0 0 0 0 0 0 0 0 0 0 0 0 0 0 0 0 0 0 0 0 0 0 0 0 0 0 0 0 0 0 0 0 0 0 0 0 0 0 0 0 0 0 0 0 0 0 0 0 0 0 0 0 0 0 0 0 0 0 0 0 0 0 0 0 0 0 0 0 0 0 0 0 0 0 0 0 0 0 0 0 0 0 0 0 0 0 0 0 0 0 0 0 0 0 0 0 0 0 0 0 0 0 0 0 0 0 0 0 0 0 0 0 0 0 0 0 0 0 0 0 0 0 0 0 0 0 0 0 0 0 0 0 0 0 0 0 0 0 0 0 0 0)];

my $bad_event = {
   min => '0.000001',
   max => '0.034557',
   last => '0.000001',
   sample => {
     bytes => 29,
     cmd => 'Admin',
     arg => '# administrator command: Quit',
     ip => '192.168.100.233',
     fingerprint => '# administrator command: Quit',
     host => '',
     Rows_read => 0,
     pos_in_log => 2137552,
     timestamp => '1236619370',
     Rows_examined => 0,
     user => 'nimbus',
     Query_time => '0.034557',
     Lock_time => '0.000000',
     Rows_sent => 0
   },
   all => [
     523,
     0,
     0,
     0,
     0,
     0,
     0,
     0,
     0,
     0,
     0,
     0,
     0,
     0,
     0,
     2,
     0,
     0,
     0,
     0,
     0,
     0,
     0,
     0,
     0,
     0,
     0,
     0,
     0,
     0,
     0,
     0,
     0,
     0,
     0,
     0,
     0,
     0,
     0,
     0,
     0,
     0,
     0,
     0,
     0,
     0,
     0,
     0,
     0,
     0,
     0,
     0,
     0,
     0,
     0,
     0,
     0,
     0,
     0,
     0,
     0,
     0,
     0,
     0,
     0,
     0,
     0,
     0,
     0,
     0,
     0,
     0,
     0,
     0,
     0,
     0,
     0,
     0,
     0,
     0,
     0,
     0,
     0,
     0,
     0,
     0,
     0,
     0,
     0,
     0,
     0,
     0,
     0,
     0,
     0,
     0,
     0,
     0,
     0,
     0,
     0,
     0,
     0,
     0,
     0,
     0,
     0,
     0,
     0,
     0,
     0,
     0,
     0,
     0,
     0,
     0,
     0,
     0,
     0,
     0,
     1,
     0,
     0,
     0,
     0,
     0,
     0,
     1,
     0,
     0,
     0,
     0,
     0,
     0,
     0,
     0,
     0,
     0,
     0,
     0,
     0,
     0,
     0,
     0,
     1,
     0,
     0,
     0,
     0,
     0,
     0,
     0,
     0,
     0,
     0,
     0,
     0,
     0,
     0,
     0,
     0,
     0,
     0,
     0,
     0,
     0,
     0,
     0,
     0,
     0,
     0,
     0,
     0,
     0,
     0,
     0,
     0,
     0,
     0,
     0,
     0,
     0,
     0,
     0,
     0,
     0,
     0,
     0,
     0,
     0,
     0,
     0,
     0,
     0,
     0,
     0,
     0,
     0,
     0,
     0,
     0,
     0,
     0,
     0,
     0,
     0,
     0,
     1,
     0,
     0,
     0,
     0,
     1,
     0,
     0,
     1,
     0,
     0,
     0,
     0,
     0,
     0,
     0,
     0,
     0,
     0,
     0,
     0,
     0,
     0,
     0,
     0,
     0,
     0,
     0,
     0,
     0,
     0,
     0,
     0,
     0,
     0,
     0,
     0,
     0,
     0,
     0,
     0,
     0,
     0,
     0,
     0,
     0,
     0,
     0,
     0,
     0,
     0,
     0,
     0,
     0,
     0,
     0,
     0,
     0,
     0,
     0,
     0,
     0,
     0,
     0,
     0,
     0,
     0,
     0,
     0,
     0,
     0,
     0,
     0,
     0,
     0,
     0,
     0,
     0,
     0,
     0,
     0,
     0,
     0,
     0,
     0,
     0,
     0,
     0,
     0,
     0,
     0,
     0,
     0,
     0,
     0,
     0,
     0,
     0,
     0,
     0,
     0,
     0,
     0,
     0,
     0,
     0,
     0,
     0,
     0,
     0,
     0,
     0,
     0,
     0,
     0,
     0,
     0,
     0,
     0,
     0,
     0,
     0,
     0,
     0,
     0,
     0,
     0,
     0,
     0,
     0,
     0,
     0,
     0,
     0,
     0,
     0,
     0,
     0,
     0,
     0,
     0,
     0,
     0,
     0,
     0,
     0,
     0,
     0,
     0,
     0,
     0,
     0,
     0,
     0,
     0,
     0,
     0,
     0,
     0,
     0,
     0,
     0,
     0,
     0,
     0,
     0,
     0,
     0,
     0,
     0,
     0,
     0,
     0,
     0,
     0,
     0,
     0,
     0,
     0,
     0,
     0,
     0,
     0,
     0,
     0,
     0,
     0,
     0,
     0,
     0,
     0,
     0,
     0,
     0,
     0,
     0,
     0,
     0,
     0,
     0,
     0,
     0,
     0,
     0,
     0,
     0,
     0,
     0,
     0,
     0,
     0,
     0,
     0,
     0,
     0,
     0,
     0,
     0,
     0,
     0,
     0,
     0,
     0,
     0,
     0,
     0,
     0,
     0,
     0,
     0,
     0,
     0,
     0,
     0,
     0,
     0,
     0,
     0,
     0,
     0,
     0,
     0,
     0,
     0,
     0,
     0,
     0,
     0,
     0,
     0,
     0,
     0,
     0,
     0,
     0,
     0,
     0,
     0,
     0,
     0,
     0,
     0,
     0,
     0,
     0,
     0,
     0,
     0,
     0,
     0,
     0,
     0,
     0,
     0,
     0,
     0,
     0,
     0,
     0,
     0,
     0,
     0,
     0,
     0,
     0,
     0,
     0,
     0,
     0,
     0,
     0,
     0,
     0,
     0,
     0,
     0,
     0,
     0,
     0,
     0,
     0,
     0,
     0,
     0,
     0,
     0,
     0,
     0,
     0,
     0,
     0,
     0,
     0,
     0,
     0,
     0,
     0,
     0,
     0,
     0,
     0,
     0,
     0,
     0,
     0,
     0,
     0,
     0,
     0,
     0,
     0,
     0,
     0,
     0,
     0,
     0,
     0,
     0,
     0,
     0,
     0,
     0,
     0,
     0,
     0,
     0,
     0,
     0,
     0,
     0,
     0,
     0,
     0,
     0,
     0,
     0,
     0,
     0,
     0,
     0,
     0,
     0,
     0,
     0,
     0,
     0,
     0,
     0,
     0,
     0,
     0,
     0,
     0,
     0,
     0,
     0,
     0,
     0,
     0,
     0,
     0,
     0,
     0,
     0,
     0,
     0,
     0,
     0,
     0,
     0,
     0,
     0,
     0,
     0,
     0,
     0,
     0,
     0,
     0,
     0,
     0,
     0,
     0,
     0,
     0,
     0,
     0,
     0,
     0,
     0,
     0,
     0,
     0,
     0,
     0,
     0,
     0,
     0,
     0,
     0,
     0,
     0,
     0,
     0,
     0,
     0,
     0,
     0,
     0,
     0,
     0,
     0,
     0,
     0,
     0,
     0,
     0,
     0,
     0,
     0,
     0,
     0,
     0,
     0,
     0,
     0,
     0,
     0,
     0,
     0,
     0,
     0,
     0,
     0,
     0,
     0,
     0,
     0,
     0,
     0,
     0,
     0,
     0,
     0,
     0,
     0,
     0,
     0,
     0,
     0,
     0,
     0,
     0,
     0,
     0,
     0,
     0,
     0,
     0,
     0,
     0,
     0,
     0,
     0,
     0,
     0,
     0,
     0,
     0,
     0,
     0,
     0,
     0,
     0,
     0,
     0,
     0,
     0,
     0,
     0,
     0,
     0,
     0,
     0,
     0,
     0,
     0,
     0,
     0,
     0,
     0,
     0,
     0,
     0,
     0,
     0,
     0,
     0,
     0,
     0,
     0,
     0,
     0,
     0,
     0,
     0,
     0,
     0,
     0,
     0,
     0,
     0,
     0,
     0,
     0,
     0,
     0,
     0,
     0,
     0,
     0,
     0,
     0,
     0,
     0,
     0,
     0,
     0,
     0,
     0,
     0,
     0,
     0,
     0,
     0,
     0,
     0,
     0,
     0,
     0,
     0,
     0,
     0,
     0,
     0,
     0,
     0,
     0,
     0,
     0,
     0,
     0,
     0,
     0,
     0,
     0,
     0,
     0,
     0,
     0,
     0,
     0,
     0,
     0,
     0,
     0,
     0,
     0,
     0,
     0,
     0,
     0,
     0,
     0,
     0,
     0,
     0,
     0,
     0,
     0,
     0,
     0,
     0,
     0,
     0,
     0,
     0,
     0,
     0,
     0,
     0,
     0,
     0,
     0,
     0,
     0,
     0,
     0,
     0,
     0,
     0,
     0,
     0,
     0,
     0,
     0,
     0,
     0,
     0,
     0,
     0,
     0,
     0,
     0,
     0,
     0,
     0,
     0,
     0,
     0,
     0,
     0,
     0,
     0,
     0,
     0,
     0,
     0,
     0,
     0,
     0,
     0,
     0,
     0,
     0,
     0,
     0,
     0,
     0,
     0,
     0,
     0,
     0,
     0,
     0,
     0,
     0,
     0,
     0,
     0,
     0,
     0,
     0,
     0,
     0,
     0,
     0,
     0,
     0,
     0,
     0,
     0,
     0,
     0,
     0,
     0,
     0,
     0,
     0,
     0,
     0,
     0,
     0,
     0,
     0,
     0,
     0,
     0,
     0,
     0,
     0,
     0,
     0,
     0,
     0,
     0,
     0,
     0,
     0,
     0,
     0,
     0,
     0,
     0,
     0,
     0,
     0,
     0,
     0,
     0,
     0,
     0,
     0,
     0,
     0,
     0,
     0,
     0,
     0,
     0,
     0,
     0,
     0,
     0,
     0,
     0,
     0,
     0,
     0,
     0,
     0,
     0,
     0,
     0,
     0,
     0,
     0,
     0,
     0,
     0,
     0,
     0,
     0,
     0,
     0,
     0,
     0,
     0,
     0,
     0,
     0,
     0,
     0,
     0,
     0,
     0,
     0,
     0,
     0,
     0,
     0,
     0,
     0,
     0,
     0,
     0,
     0,
     0,
     0,
     0,
     0,
     0,
     0,
     0,
     0,
     0,
     0,
     0,
     0,
     0,
     0,
     0,
     0
  ],
   sum => '0.0906600000000003',
   cnt => 531
};

   return $bad_vals, $bad_event;
}
